0.0
-0.05731375883132167
-0.40607803336171006
-0.3279954140781465
-0.06529727237381788
-0.14855180989301175
-0.364353544878687
-0.32076096879419824
-0.2660517837303166
0.32005577791619366
0.4041524116861015
0.21197379315010467
0.21197379315010467
-0.21795194740254198
-0.13475423094311934
0.04072637969008222
-0.2638894944045682
0.1239236290990334
0.07910668075148447
0.03849690193955224
-0.12584116347112106
-0.12212689552099953
0.08145815001703038
-0.2450528067135762
-0.14949553007347993
-0.2223541300459283
0.06755258500083805
-0.6250041657521559
-0.13489317713120286
-0.35335681658616713
0.20401596270699046
-0.5383241292189667
-0.021850078428544584
-0.15744663598329478
-0.10803071666315311
-0.0031077116325494147
0.3425231493867617
-0.0554281114494119
-0.14350326119981766
0.4982714938207846
0.2520912339224619
0.1223357903086375
0.1223357903086375
0.2712697559356031
0.11481314260349496
0.2513565688121878
0.0031767999294598503
0.11578492551098055
0.12330834209071347
-0.11801288654544817
0.16636104505202298
0.12069084239854
0.042522300409937486
-0.06525457890469955
0.25295371442557946
0.005895013440752717
-0.03124550352832728
0.017674902823039962
-0.39317914716656976
-0.28047687623484596
0.1737568936363948
-0.028023114992131865
0.04201012040777108
0.059412830771721326
0.2609171995063066
0.26034518357521386
0.10174454725307867
0.04485778813554641
0.2550410406858332
-0.036928645568534035
0.035027858441850857
0.035027858441850857
0.11234135323255667
-0.04888798056111275
0.3387513145417807
-0.2908509213320478
0.18154340905950841
0.1783356398932292
-0.0764497453321864
-0.2119781297005633
0.14703371691817413
-0.09837139616536517
0.0041851159185510856
-0.018428875011991613
0.08392481799504252
-0.05065478862976504
-0.17408270746960058
-0.24244977302000503
-0.12618753052826964
0.30366571921660057
-0.16107324819388547
0.08248152361238004
-0.0983175886536502
0.09745320442074462
0.16341344037165506
0.3566898693101628
0.23992615139978546
0.03353361959657941
-0.1940359592708807
-0.1940359592708807
0.052408853605466765
0.11316572226487875
0.2009557973972454
-0.2470363858236001
-0.06342737082338867
0.15263597076851376
-0.2958728494528483
-0.1479189090030354
-0.27772229627001666
-0.16195024460363827
-0.37774534008763017
-0.2134092176389859
0.0008399660635821649
0.06025166679548688
-0.09632746575377571
-0.2549053798495442
-0.20274851563049712
-0.039817391347504144
-0.006628467664407389
0.07579043180096862
0.24329485373716114
0.250753589900163
0.23422051668209315
0.05050971772781754
-0.06924485055541196
-0.019207399672130254
-0.019207399672130254
0.10976160490727449
0.021674512823437908
-0.1637131729127965
0.24597527776740613
-0.21327367457826346
0.010939818064271717
-0.01605406174533608
0.03987400065198371
0.07225715373314945
-0.16825345300440397
0.08011137244995287
0.11744768073516909
0.1999915213590614
0.03166887262413132
0.2533993541499402
-0.21602223612916982
-0.19754182193114145
-0.0917589212268228
-0.26195852894683563
0.12118569272972124
-0.2060125338530449
-0.16134084279213112
0.4065110078585419
0.2452914102953705
-0.043236907881401776
-0.043236907881401776
-0.13888918041282927
-0.003772974630306347
0.04072637969008222
-0.04849277833913668
0.3943081977770207
0.21190069483966145
0.0363594268163181
0.1827274765387112
0.07577216354435817
0.02150843816914072
-0.09055434652008038
0.20482914367400068
0.023826987386568986
0.056751404401437736
0.1967101697380247
-0.22872170753212479
-0.2029105788451045
0.19241247462861477
0.08766063774462807
0.07514138357770156
0.03815508476203369
-0.008595643475574732
-0.22199102002784343
-0.10472675629987316
-0.10472675629987316
-0.041880164073628656
0.1368956810407256
0.04072637969008222
-0.2283962394271759
0.3700728761136378
0.14538805215244077
-0.07166133123285545
-0.2488447869311693
0.09219006622623827
-0.11210241164847005
-0.11443824075271289
-0.210265275906968
0.12438709182854021
-0.05507832740729532
-0.21602982567990922
-0.1190040559183521
-0.0676803857300244
0.326654164040488
0.19424476308503275
0.2943633931465576
0.1486652103944246
0.06300487824213619
-0.17471054384109203
-0.17471054384109203
-0.01281145231909897
-0.0003255632851524304
-0.04181445629016073
-0.18351273878202853
0.08217839905408876
0.12900333585871993
-0.2129260756703753
-0.11847141940092638
0.06379292784273322
-0.031524210709794165
-0.37285712461921966
-0.1956971048118361
0.04408851448922818
-0.0033926223557434465
0.12757790908712646
0.06518604888966575
0.046127235068482486
0.11772176982701046
0.1508291016099712
0.019076782543071102
-0.15593214833517388
-0.020714576487796288
-0.020714576487796288
0.1283518225727318
0.023482951944960195
-0.09755691924178765
-0.2019252723166889
-0.10538681941677738
-0.1595179114579882
-0.15456367157708445
-0.07853912166717036
0.3120511415300821
-0.027992998791758206
-0.10048819020981511
-0.05949318288476896
0.23466749124602831
-0.08405155221081567
0.07889399028180412
0.05275227785176721
0.023322452432287283
0.06629705607053987
-0.5325148072897568
-0.037450696499772285
-0.11595165665797702
-0.11595165665797702
0.17147833670028456
0.07867207793988262
0.07077297056591103
0.12922355966150434
0.10134100642130961
0.04063190770779368
0.12228115568245412
0.034906208826989804
0.053060576998671394
-0.14491802459825065
0.07167495783777422
-0.06226854916426472
-0.1668269931706634
-0.05305588488828805
-0.22301407155989317
-0.24964698008153574
-0.34795443856642627
0.11177961734598418
-0.6107036916974478
0.018847049331163213
0.018847049331163213
0.03766869758400926
-0.04582997835618885
-0.01919505961721532
0.10007462385939125
-0.094204760927177
-0.2069080718773043
0.09480928276986988
0.04780185697670136
0.11523720691405659
-0.021882050042557832
0.09165093473948405
-0.029309124967829447
0.07686656455813012
0.09284289844334603
-0.12637910773392758
-0.039782441279149205
-0.1363909702162982
0.372016581100847
0.02552763209196629
0.02552763209196629
0.08237754382997375
-0.06476303163481811
-0.12955657978061977
0.020326022708318625
0.03198001680071716
0.02094219335415337
0.0055961842493965075
-0.17410450452101645
-0.07040285438103128
-0.051712843856365875
0.04746068209821541
-0.10670767704854678
0.04242603398941669
0.05149016983456367
-0.15454628770196022
-0.035027909472573324
-7.899060342628217e-05
-0.015104189385084232
0.02552763209196629
0.08237754382997375
-0.06476303163481811
-0.12955657978061977
0.020326022708318625
0.03198001680071716
0.02094219335415337
0.0055961842493965075
-0.17410450452101645
-0.07040285438103128
-0.051712843856365875
0.04746068209821541
-0.10670767704854678
0.04242603398941669
0.05149016983456367
-0.15454628770196022
-0.035027909472573324
-7.899060342628217e-05
-0.015104189385084232
-0.030956214978962393
-0.03189450813343386
0.27693208807219694
0.04199381404488456
-0.17291365221225263
0.001615686666828542
0.1629006286600454
0.2436732555687786
0.03429421600340521
0.08660943587584469
-0.2052628474526954
-0.02502216580346106
0.07026838489036402
0.11028029129791772
0.1899437319330013
0.17325596078234995
0.027116516298220428
0.1073908181532427
-0.03466314303261786
-0.03420813799486622
0.12146330166871544
-0.20457625946905894
-0.03715176251680696
0.06804560558662409
0.09604806892457762
0.1480210238953612
-0.009976098225471963
0.0052581864920930865
0.1836460244917671
-0.10339120037814098
-0.23139085147756844
0.12534436680267902
0.0989249486354487
-0.08949892243519442
-0.04926771963054072
0.04072637969008222
0.5459082130443924
-0.31236586759677826
-0.3826394281087533
-0.07303195700034693
-0.38547354541195983
0.20037860186527562
-0.33633296646003474
-0.014354011880247666
-0.3761365874747603
0.13402135787036004
-0.01454163931332448
-0.138196859296898
-0.005399353061763604
0.03943977729348502
0.17001425774150408
0.6201288792977024
0.6047776715986595
0.4168156696130687
-0.2849190922514533
-0.13221420259190975
-0.25524560843336286
0.3015058518721837
-0.048932743882656116
0.29460302952281614
-0.1647669020519719
0.1915230647113642
-0.8888936601567261
0.01631644225762785
-0.24807283950336778
0.24595906734714096
-0.47800018822740886
-0.401154062331944
0.2171867827626338
0.12698642017809245
-0.0476246623296126
-0.4642695167539047
0.41839225756403137
0.23101599796093886
0.050128364456228064
-0.3083847891635869
0.45591447123644546
-0.2866538836358479
-0.2579911541763025
-0.06509125094573648
-0.5826500934336093
0.11060103082800428
0.025290064123744238
0.1518014676439609
-0.30720548772402234
0.324718320366478
0.08184440570985496
0.15781053206054035
-0.3339390320069418
0.27488690251218206
-0.09434000488030192
-0.10400376097297517
0.05174471223081287
-0.44675374297062187
-0.00850590333688861
-0.27045523638437385
0.004292785084366479
-0.23027842188732817
0.15711297792172574
-0.2937575179170705
0.01872412863351458
0.288687429345835
-0.028342570367813236
-0.1416282837755924
0.241246636825802
0.013038674753124146
-0.041128985376095106
0.1524309998740746
0.06679784051735838
0.17406532032921296
-0.10263196598324592
0.1917414422984357
0.2921833347176578
0.25441447237763426
0.11314466260905692
0.4767833553172715
-0.31476091694878083
-0.047753013388529886
-0.2048989108664956
-0.020931895086302
0.10711391137310011
0.22958423113774895
0.13020142989763372
-0.18393863500970992
-0.20491346358059231
-0.08100472693863503
-0.10441871604647046
0.17742208220769695
0.24731236715154592
0.16317543132473522
0.07754213756310102
0.3408135003441197
-0.12641223053824108
-0.20150022940665763
-0.14994336779411732
-0.2618690284763199
0.05572229655248517
-0.2229145934969779
0.20203433776151614
0.30219640069706477
-0.018149991110814168
-0.1734470334361548
0.18413360194605183
0.08781040186693456
-0.05632951020064321
0.26091135548502165
0.2334545107421086
0.20597653716036102
0.04635761140724229
0.3992826133607653
-0.0028360031040451927
0.04119787775524131
0.17181465446443295
0.008162645345439867
-0.07709213357167599
-0.04383360047675958
-0.14880558451207337
0.3239350588351072
0.03587433658927036
-0.08528680693693602
-0.09192180647500828
1.801960875198688
0.9307927615211686
0.703127902039406
1.064290710450018
-0.4004222441450307
-0.379888026072678
-0.20182668629504585
-0.369461685979001
-0.2123213653374542
-0.10121340108322369
